feature.sig	pvalue.sig	fdr.sig	n.sig	coef.sig	mean0.sig	mean1.sig	mean0.sig.w	mean1.sig.w	class
EIF4EBP1_sym2pro_4E.BP1.R.V	0.0051466731601517	0.0340793222766802	38	0.132128399814034	-0.0662187359388489	0.034352162060241	-0.0672141121811458	0.0649142876328881	BLCA
ARAF_sym2pro_A.Raf.R.V	0.00174559294443052	0.0145173780786084	38	0.0815672950404208	-0.0470469459676259	0.0333163840180723	-0.0417270450008814	0.0398402500395394	BLCA
ARID1A_sym2pro_ARID1A.R.C	0.0022778938028443	0.0171332598950374	38	-0.233604441204473	0.111724510887755	-0.211711974205882	0.0763088074784208	-0.072983044411664	BLCA
ANXA1_sym2pro_Annexin.1.M.E	0.000738531874085064	0.00904701545754204	38	0.322250426184983	-0.122175372413669	0.345443341572289	-0.02321880267018	0.299031623514803	BLCA
ITGA2_sym2pro_CD49b.M.V	3.66954122433853e-05	0.00107416593721108	38	0.243317188231243	-0.0605446104064748	0.104931955457831	-0.0988530828161978	0.144464105415045	BLCA
CASP7_sym2pro_Caspase.7_cleavedD198.R.C	5.23645997994601e-05	0.00128293269508677	38	0.44268431239175	0.0159651859172662	0.577501079355422	0.152150468564962	0.594834780956712	BLCA
CCNB1_sym2pro_Cyclin_B1.R.V	0.000427607326595766	0.00654773718849767	38	0.29982400249576	-0.10622488721223	0.119181508355422	-0.121237359309189	0.178586643186571	BLCA
DIRAS3_sym2pro_DIRAS3.M.E	0.000336719571422852	0.00549975299990658	38	-0.0875132994921665	0.138818947384892	0.0591348356746988	0.138775077397687	0.0512617779055205	BLCA
DVL3_sym2pro_Dvl3.R.V	0.000936367446849576	0.0104277283853703	38	0.134699172830232	-0.0327223704928057	0.0977962601385542	-0.0236938434387086	0.111005329391524	BLCA
NA_sym2pro_EGFR.R.C	0.000211867173278829	0.00432562145444277	38	0.502917602142295	-0.346895550304878	0.144251906578125	-0.101255766397133	0.067808111819435	BLCA
EGFR_sym2pro_EGFR.R.V	2.52378742756154e-05	0.00103054653292096	38	0.200805125482211	-0.093027245377551	0.109829351490196	-0.0787937505037035	0.051749601477304	BLCA
FASN_sym2pro_FASN.R.V	0.0017776381320745	0.0145173780786084	38	-0.283135910737739	0.128779973341727	-0.292114748879518	0.0813986209527734	-0.201737289784966	BLCA
G6PD_sym2pro_G6PD.M.V	0.00105222850437561	0.010741499315501	38	0.274290261034513	0.00311106326978418	0.312243813024096	0.0426605309481377	0.316950791982651	BLCA
GAPDH_sym2pro_GAPDH.M.C	9.07829079581759e-06	0.00103054653292096	38	0.367139153155112	-0.122277377895683	0.174871234150602	-0.157016278505701	0.210122874649411	BLCA
GATA3_sym2pro_GATA3.M.V	3.18124582492117e-08	7.79405227105686e-06	38	-0.522129847689582	0.509479903334532	-0.222287111518072	0.414189444585641	-0.107940403103942	BLCA
ERBB2_sym2pro_HER2.M.V	0.000204562432123992	0.00432562145444277	38	-0.425843119655521	0.374693070766187	-0.290600493337349	0.272261759394494	-0.153581360261028	BLCA
IGFBP2_sym2pro_IGFBP2.R.V	0.0027495286167446	0.0197221866941207	38	-0.203472486183448	0.239461883557554	0.0407845760843374	0.228128342608849	0.0246558564254008	BLCA
COPS5_sym2pro_JAB1.M.C	0.000907185098308364	0.0104277283853703	38	-0.0946867754795461	0.129595460363309	0.0186999743674698	0.118462701780276	0.0237759263007298	BLCA
ERRFI1_sym2pro_MIG.6.M.V	0.00230774521035198	0.0171332598950374	38	0.0646131082840588	-0.027031613557554	0.0514405095843373	-0.0176311354575466	0.0469819728265121	BLCA
NDRG1_sym2pro_NDRG1_pT346.R.V	0.00192507609817825	0.0152143110985055	38	0.35371260113118	0.0706599375719424	0.368635013644578	0.0548381970930041	0.408550798224184	BLCA
CDH3_sym2pro_P.Cadherin.R.C	0.000982541964088047	0.0104662078783292	38	0.137538699408349	-0.0522853578165468	0.111424539951807	-0.0303199385585509	0.107218760849798	BLCA
SERPINE1_sym2pro_PAI.1.M.E	3.78900246846131e-05	0.00107416593721108	38	0.481684773211614	-0.279862863097122	0.359230511807229	-0.176018698916896	0.305666074294718	BLCA
PCNA_sym2pro_PCNA.M.C	0.000638985547062013	0.00871726870855635	38	0.121215335645716	-0.111064479866906	0.00946696875903615	-0.106937547188443	0.0142777884572729	BLCA
RAB11A..RAB11B_sym2pro_Rab11.R.E	0.00119997886502718	0.0117597928772663	38	-0.0878088152006399	0.0799992627014389	0.010857471686747	0.0980931339724945	0.0102843187718546	BLCA
RAB25_sym2pro_Rab25.R.V	0.0014143770246899	0.0133277835018856	38	-0.236906553952052	0.0820092607877698	-0.266342404963855	0.0451636764275317	-0.191742877524521	BLCA
RAD50_sym2pro_Rad50.M.V	0.000718956331832863	0.00904701545754204	38	-0.104246326036928	-0.0187452280035971	-0.132316227114458	-0.0335134758800669	-0.137759801916995	BLCA
RPS6_sym2pro_S6_pS235_S236.R.V	0.00281745524201724	0.0197221866941207	38	0.203074386621681	-0.0115604013848921	0.103085144524096	-0.0486731152729811	0.1544012713487	BLCA
SRSF1_sym2pro_SF2.M.V	0.000640452394914344	0.00871726870855635	38	-0.116440207909651	0.0698736189604316	-0.103352152301205	0.0357575527114518	-0.0806826551981994	BLCA
STAT3_sym2pro_STAT3_pY705.R.V	0.000274390693620534	0.00517120922592545	38	0.162402557946559	-0.108151167859712	0.127442218301205	-0.0830219546906728	0.0793806032558857	BLCA
DIABLO_sym2pro_Smac.M.E	3.94591568771418e-05	0.00107416593721108	38	-0.167796374432313	0.123245129442446	-0.132527777355422	0.0759688959740327	-0.0918274784582804	BLCA
SRC_sym2pro_Src.M.V	2.17585089662706e-05	0.00103054653292096	38	-0.263084853034688	0.29657916678777	-0.103210922777108	0.226197363045383	-0.0368874899893052	BLCA
C12ORF5_sym2pro_TIGAR.R.V	0.000323085295226443	0.00549975299990658	38	0.0956679333354776	-0.0561486910179856	0.0859720597469879	-0.0306928408139488	0.0649750925215287	BLCA
TGM2_sym2pro_Transglutaminase.M.V	0.00171388368156252	0.0145173780786084	38	0.197051456494907	-0.0893816810611511	0.237485002716867	-0.0219794474796683	0.175072009015238	BLCA
TSC2_sym2pro_Tuberin_pT1462.R.V	0.00164349143678786	0.0145173780786084	38	-0.0885175978170936	0.0489248616366906	-0.041811643433735	0.0298488020479982	-0.0586687957690955	BLCA
YBX1_sym2pro_YB.1_pS102.R.V	1.90972693658986e-05	0.00103054653292096	38	0.129604193707237	0.0019910096294964	0.10112306996988	-0.0017721900405513	0.127832003666686	BLCA
MAPK14_sym2pro_p38_MAPK.R.V	2.41646810586964e-05	0.00103054653292096	38	0.145541485144637	-0.0948347131546763	0.106454812319277	-0.0665503172447831	0.0789911678998539	BLCA
RPS6KB1_sym2pro_p70S6K_pT389.R.V	0.00534307761918796	0.0344487899131855	38	-0.10201100214694	0.0706379559244604	-0.0258989430180723	0.0714965298418926	-0.0305144723050469	BLCA
RPS6KA1_sym2pro_p90RSK.R.C	0.00497952567295206	0.0338884386075904	38	0.108957789317586	-0.0256840279748201	0.0380358297048193	-0.0545875640110081	0.0543702253065782	BLCA
YWHAZ_sym2pro_14.3.3_zeta.R.V	0.00715462387261497	0.0402089861640961	51	0.081887115416185	0.0653967214099147	0.129007258723597	0.0472565625176078	0.129143677933793	BRCA
EIF4EBP1_sym2pro_4E.BP1_pT37_T46.R.V	0.0051401826431284	0.0307317302706188	51	-0.134582709543799	0.171536660303305	0.0643598243605611	0.188548892730949	0.0539661831871508	BRCA
NA_sym2pro_53BP1.R.C	0.00239183986957503	0.0197678530397231	51	-0.148306245646327	0.0348503981538461	-0.0971983110654297	0.0362880275721377	-0.0788524332133915	BRCA
ARAF_sym2pro_A.Raf_pS299.R.C	0.00199486901633697	0.0186852731196896	51	0.0642064720358476	-0.00955130963272929	0.0567522559249174	-0.00789863897128355	0.0563078330645641	BRCA
NA_sym2pro_ACC1.R.C	4.54068039262836e-05	0.000981485531021976	51	0.288012756574197	-0.0640481386314103	0.218689536512695	-0.0382322832088309	0.193114178244182	BRCA
ACACA_sym2pro_ACC1.R.E	0.000246169655423959	0.00329398443686345	51	0.308919641058036	0.0297174757610442	0.317011098223558	0.01304465941235	0.115733014327021	BRCA
ACACA..ACACB_sym2pro_ACC_pS79.R.V	0.000432604600827767	0.0050650788680251	51	0.186177607915862	0.0724017736636461	0.249400777335809	0.065695594734812	0.251873202650674	BRCA
BRCA2_sym2pro_BRCA2.R.C	0.00214095296269016	0.0194067026618044	51	-0.0555733338128844	-0.0044904000271855	-0.0696242933209571	-0.00970407505720217	-0.0652774088700866	BRCA
BCL2_sym2pro_Bcl.2.M.V	1.2791905319741e-08	8.98631348711805e-07	51	-0.350073481744476	0.344555949770256	0.00135307888531354	0.347613289992751	-0.00246019175172509	BRCA
PECAM1_sym2pro_CD31.M.V	0.00161984601144127	0.0156957492832757	51	-0.105092268654568	-0.0709936978555437	-0.174721046961221	-0.0715409675957222	-0.176633236250291	BRCA
CASP7_sym2pro_Caspase.7_cleavedD198.R.C	0.000603234823782926	0.00652066797117947	51	0.187010749729009	0.0419303526572495	0.216367437873762	0.039094699039551	0.22610544876856	BRCA
CCNB1_sym2pro_Cyclin_B1.R.V	0.000199128820322397	0.00279775992552968	51	0.25104852066532	0.00688642887260127	0.214005217028878	-0.0183068222146949	0.232741698450625	BRCA
CCNE1_sym2pro_Cyclin_E1.M.V	0.00307488949788394	0.0205724749739378	51	0.116148740463212	0.0948528795559702	0.17977934104538	0.0704444594209662	0.186593199884178	BRCA
CCNE2_sym2pro_Cyclin_E2.R.C	0.00226789500810972	0.0196610510570514	51	0.0700465839314812	0.0229041862436034	0.083358916769802	0.0133319724080903	0.0833785563395715	BRCA
NA_sym2pro_DJ.1.R.V	0.00230894905652204	0.0196610510570514	51	-0.101107474793157	0.141654355550409	0.0392452477234432	0.11312644246334	0.0375030442451805	BRCA
EGFR_sym2pro_EGFR_pY1068.R.C	4.86399337042346e-06	0.000151864681898777	51	0.268541677919819	0.0827209632787847	0.357704318987624	0.0910556810358651	0.359597358955684	BRCA
EPPK1_sym2pro_EPPK1.M.E	0.00290292242261483	0.0203930300188692	51	0.493109955741768	0.0999404490115741	0.574168549778571	0.0196561218295042	0.0718007245108121	BRCA
ESR1_sym2pro_ER.alpha.R.V	3.90439454442247e-05	0.000954941232370251	51	-0.633098927309184	0.218751063313966	-0.25971750755033	0.356653637764968	-0.276445289544216	BRCA
ESR1_sym2pro_ER.alpha_pS118.R.V	1.91831908020341e-07	1.07809532307431e-05	51	-0.220105907969049	0.143549477607143	-0.0624957605486799	0.157530612348453	-0.0625752956205961	BRCA
ERCC5_sym2pro_ERCC5.R.C	0.00067467787684482	0.00702164753308868	51	-0.102071893738195	0.0033634681913646	-0.0960434564150165	0.00089151000870377	-0.101180383729491	BRCA
FASN_sym2pro_FASN.R.V	3.23325379698362e-07	1.51424052825399e-05	51	0.434696544171058	-0.0130264940335821	0.41599827024835	-0.0113522811341898	0.423344263036868	BRCA
FN1_sym2pro_Fibronectin.R.V	0.00254682593999379	0.020272320857068	51	0.194479500150767	0.0320788202329425	0.210304640197195	0.0162227240354438	0.210702224186211	BRCA
G6PD_sym2pro_G6PD.M.V	1.70697434879071e-10	2.39829896005095e-08	51	0.221192784775661	-0.0532412590623667	0.175141055089934	-0.0528841186990901	0.168308666076571	BRCA
GAPDH_sym2pro_GAPDH.M.C	7.04030937982477e-05	0.00123645433483173	51	0.285657840467842	0.128436886116738	0.332735882842409	0.047769131658242	0.333426972126084	BRCA
NA_sym2pro_GCN5L2.R.V	0.00279675207464263	0.0203930300188692	51	-0.114844094364615	-0.0401949765367847	-0.168609596340659	-0.035908031762553	-0.143379009328241	BRCA
ERBB2_sym2pro_HER2.M.V	8.38415601623253e-11	2.35594784056134e-08	51	0.482137004136594	-0.0612747155698294	0.383801534716997	-0.0890783092365935	0.3930586949	BRCA
ERBB2_sym2pro_HER2_pY1248.R.C	6.49616545607605e-06	0.000182542249315737	51	0.317708948530994	0.0852405812112573	0.363826550224843	0.0489199111548679	0.203980890025441	BRCA
NA_sym2pro_HER2_pY1248.R.V	6.76232475839362e-05	0.00123645433483173	51	0.324245202936141	0.000402189174358935	0.341248011459459	0.0064702765533244	0.20369784437478	BRCA
IGF1R_sym2pro_IGF1R_pY1135_Y1136.R.V	0.00463044444436842	0.028914553085945	51	-0.0535784180806389	0.000798582178571423	-0.039776039900165	0.0120949611759073	-0.0414834569047317	BRCA
INPP4B_sym2pro_INPP4B.R.V	0.00496712680016788	0.030342665887982	51	-0.263618234314308	0.0752280895162037	-0.120407125664286	0.0276302395321854	-0.0171725364688447	BRCA
STK11_sym2pro_LKB1.M.E	4.07804084997972e-05	0.000954941232370251	51	-0.0613405485304376	-0.0168037675740938	-0.0683961461872937	-0.0104829429648601	-0.0718234914952976	BRCA
MRE11A_sym2pro_Mre11.R.C	0.00297618422827562	0.0203977504425719	51	-0.0713020270704562	-0.0477274282041578	-0.107172662525578	-0.0392599944791882	-0.110562021549644	BRCA
NA_sym2pro_PCNA.M.V	0.000111665747354937	0.00184576911804338	51	0.0920937995434474	0.00322324444551279	0.091313003711914	0.00267961574433565	0.0802332716129478	BRCA
PDCD4_sym2pro_PDCD4.R.C	1.06082481187548e-09	9.93639240456695e-08	51	-0.417372916659525	0.121317123805437	-0.271237636556931	0.132273509022242	-0.285099407637284	BRCA
PIK3CA_sym2pro_PI3K.p110.alpha.R.C	0.00413307582799615	0.0263953251742481	51	-0.0557626724603359	0.033948508597548	-0.0166855989282178	0.0330553276516207	-0.0227073448087152	BRCA
PXN_sym2pro_Paxillin.R.C	5.22753741117183e-07	2.09848287505612e-05	51	0.206338781268269	-0.0461366970963855	0.143473783199519	-0.0337319862041539	0.0495063980571895	BRCA
RICTOR_sym2pro_Rictor_pT1135.R.V	0.00265101267991402	0.020272320857068	51	-0.0627047783184498	0.0103330605453092	-0.0378467440288779	0.0217301122156362	-0.0409746661028136	BRCA
NA_sym2pro_SLC1A5.R.C	0.000603335826514826	0.00652066797117947	51	0.168809613923528	-0.117315165140327	0.0531279406978022	-0.0929807369323461	0.0458640671287204	BRCA
TFRC_sym2pro_TFRC.R.V	0.000146169276508932	0.00216176666836895	51	0.19411745136359	0.077281171771322	0.238220576943069	0.0513190049581691	0.245436456321759	BRCA
C12ORF5_sym2pro_TIGAR.R.V	0.00609870965645265	0.0349742329278203	51	0.0447509685525323	-0.0170316930836887	0.0236240680618812	-0.01795740859319	0.0267935599593423	BRCA
TSC1_sym2pro_TSC1.R.C	0.00266930915199827	0.020272320857068	51	0.131224534170749	-0.058595246445096	0.0712367257747525	-0.0677506329296893	0.0634739012410599	BRCA
TGM2_sym2pro_Transglutaminase.M.V	0.00405660198613383	0.0263953251742481	51	0.0600553742546054	0.0151330658534115	0.0609280436163366	0.00111634032679859	0.061171714581404	BRCA
KIT_sym2pro_c.Kit.R.V	0.00284527318786605	0.0203930300188692	51	-0.178903619796805	0.285785983198827	0.0855288492466997	0.280224558455063	0.101320938658257	BRCA
BIRC2_sym2pro_cIAP.R.V	0.0013951080049172	0.0140009053350619	51	-0.0594298941087704	-0.00992263026812368	-0.0636306189843234	-0.00604488646677427	-0.0654747805755447	BRCA
EEF2_sym2pro_eEF2.R.C	0.00033125851747595	0.00423107470048827	51	0.206115645021613	0.0378280584016064	0.18675548909375	-0.00633838936574778	0.0673682066086347	BRCA
NA_sym2pro_eEF2.R.V	0.00608005174842211	0.0349742329278203	51	0.0582003137267645	-0.0492539396842949	0.00788583680371095	-0.0371729212160981	0.00250499912556198	BRCA
EIF4G1_sym2pro_eIF4G.R.C	0.00763330000662114	0.042057986310991	51	0.125169257478667	-0.0678974631071429	0.0575126410173267	-0.0728992963380622	0.052269961140605	BRCA
CDKN1B_sym2pro_p27.R.V	2.27556786117666e-06	7.99293211238301e-05	51	-0.131198752924792	0.0639671854717484	-0.0566662874562706	0.0664436777776456	-0.0647550751471463	BRCA
CDKN1B_sym2pro_p27_pT157.R.C	0.000140858715290708	0.00216176666836895	51	-0.0622244748010583	0.0127773741316631	-0.0460547851575908	0.0132768598675874	-0.0489476149334709	BRCA
NA_sym2pro_p62.LCK.ligand.M.E	6.51666086751993e-05	0.00123645433483173	51	0.248294334696062	-0.0643017455626703	0.18289180682967	-0.0512521147113834	0.16418893256387	BRCA
RPS6KA1_sym2pro_p90RSK_pT359_S363.R.C	0.000349595906205395	0.0042711499845094	51	-0.0798548654983462	0.0222162772894456	-0.0414743708176568	0.0344497678785562	-0.04540509761979	BRCA
EIF4EBP1_sym2pro_4E.BP1_pT37_T46.R.V	2.72100240356758e-05	0.00595899526381301	1	-0.440943523191387	0.299811993	-0.0666958650486111	0.333863490631068	-0.107080032560319	ESCA
YWHAZ_sym2pro_14.3.3_zeta.R.V	0.00373177681746253	0.0345189355615284	28	-0.170362244666921	0.0225594949772727	-0.09059686535	0.0688348392781903	-0.10152740538873	GBM
EIF4EBP1_sym2pro_4E.BP1_pS65.R.V	0.0032106968367747	0.030990204250608	28	-0.234457451603135	0.125234956886364	-0.09983311225	0.13350326313961	-0.100954188463524	GBM
ARAF_sym2pro_A.Raf.R.V	5.34740641297253e-05	0.00395708074559967	28	0.314430007161961	-0.17496603725	0.139210804175	-0.18121203895602	0.13321796820594	GBM
PRKAA1_sym2pro_AMPK_pT172.R.V	0.00207869934588527	0.028814548589226	28	0.439591164364645	-0.340626514886364	0.00219673589999997	-0.377054516269472	0.0625366480951734	GBM
BAD_sym2pro_Bad_pS112.R.V	0.00290666511792987	0.0293308934627469	28	0.194701331619069	-0.197973247340909	-0.012943924525	-0.194216724670859	0.000484606948209749	GBM
BAX_sym2pro_Bax.R.V	0.000964636866715326	0.0237943760456447	28	0.378235467969797	-0.0783607825227273	0.2149743539	-0.113237961387607	0.264997506582189	GBM
CCND1_sym2pro_Cyclin_D1.R.V	0.00491117567007415	0.0403807777317208	28	-0.193906281110333	0.119947003659091	-0.016086431225	0.141927816431795	-0.0519784646785383	GBM
EGFR_sym2pro_EGFR_pY1068.R.C	0.000263622124684557	0.0146310279199929	28	1.57818390504966	-0.0019459324772728	1.33584359985526	-0.175023241895488	1.3625736658423	GBM
EGFR_sym2pro_EGFR_pY1173.R.V	0.000540452115371633	0.0199967282687504	28	1.05385987290191	0.0699236089318181	0.980261373644737	-0.0397461282952649	0.984780088877043	GBM
ESR1_sym2pro_ER.alpha_pS118.R.V	0.00250933068143881	0.028814548589226	28	-0.218195468955868	0.220036512795455	0.0232760993	0.232671018878529	0.0144755499226608	GBM
ERBB2_sym2pro_HER2_pY1248.R.C	0.000364239886514231	0.0161722509612319	28	0.808771883707908	-0.116461361613636	0.547832936513158	-0.210172824764773	0.581284335808294	GBM
ERBB3_sym2pro_HER3_pY1289.R.C	0.00125648897338183	0.0278940552090767	28	-0.279225590137033	0.17551755675	-0.12672192285	0.158765663062853	-0.12045992707418	GBM
RELA_sym2pro_NF.kB.p65_pS536.R.C	0.00243288425937824	0.028814548589226	28	0.476280113346403	-0.186819741568182	0.18205775015	-0.207982877461449	0.268297235884954	GBM
CDH3_sym2pro_P.Cadherin.R.C	0.00259590527830865	0.028814548589226	28	0.288370944997543	-0.079099702659091	0.204127935125	-0.0589683500019328	0.22940259499561	GBM
NA_sym2pro_Rad50.M.C	0.00170254558357659	0.028814548589226	28	0.173830426377875	-0.0159415886590909	0.07831769795	-0.0668406727333401	0.106989753644535	GBM
PTPN11_sym2pro_SHP.2_pY542.R.C	0.00408380704124661	0.0362642065262699	28	0.445275071933965	-0.196960309068182	0.151174717475	-0.279035509455178	0.166239562478786	GBM
STAT3_sym2pro_STAT3_pY705.R.V	0.00199984709792302	0.028814548589226	28	0.461314463761569	-0.186048845159091	0.1778716777	-0.265110865168702	0.196203598592868	GBM
STAT5A_sym2pro_STAT5.alpha.R.V	0.0017597035086544	0.028814548589226	28	0.368623881674676	-0.285337441068182	0.01539964535	-0.303636561102722	0.064987320571954	GBM
SMAD1_sym2pro_Smad1.R.V	0.000701577673360951	0.022250034783733	28	0.274899114174196	-0.123039286431818	0.104958242875	-0.133426233383865	0.141472880790331	GBM
SRC..LYN..FYN..LCK..YES1..HCK_sym2pro_Src_pY416.R.C	0.0055196425569409	0.0437628802728885	28	0.413619075294693	-0.123800502613636	0.215856641825	-0.20037347546813	0.213245599826563	GBM
SYK_sym2pro_Syk.M.V	0.00442906318826293	0.0378173856843989	28	0.451508425838424	-0.361318722613636	0.113764828275	-0.395578364104214	0.0559300617342102	GBM
KIT_sym2pro_c.Kit.R.V	0.00170947698440523	0.028814548589226	28	-1.21116664773244	0.930565330931818	-0.1640693923	0.989130371066963	-0.222036276665482	GBM
EEF2K_sym2pro_eEF2K.R.V	0.000851708603039816	0.0236349137343549	28	0.366643098835596	-0.116910696431818	0.1226726147	-0.176825259661916	0.18981783917368	GBM
EIF4E_sym2pro_eIF4E.R.V	0.0020794660479108	0.028814548589226	28	0.158295285261469	-0.0500716526136364	0.080932777825	-0.057117473964115	0.101177811297354	GBM
CDKN2A_sym2pro_p16_INK4a.R.V	0.00256347573279519	0.028814548589226	28	-1.14390885144466	1.55579941697727	0.521507715075	1.53863660759797	0.3947277561533	GBM
NA_sym2pro_p38_MAPK.R.C	2.86046681417588e-05	0.00395708074559967	28	0.346530785741012	-0.18315683775	0.077808329075	-0.243524218157982	0.103006567583031	GBM
MAPK14_sym2pro_p38_pT180_Y182.R.V	4.36945816511229e-05	0.00395708074559967	28	0.617045308203598	-0.340564792886364	0.14094751795	-0.422721296190753	0.194324012012845	GBM
RPS6KB1_sym2pro_p70S6K_pT389.R.V	0.00279140687403472	0.0293308934627469	28	-0.606825560194893	0.455286218340909	-0.026375275575	0.485714413778002	-0.121111146416892	GBM
CASP7_sym2pro_Caspase.7_cleavedD198.R.C	0.000737471823254832	0.0223699786387299	9	-0.126703264525922	0.14044639717698	0.0173036719822273	0.144371367460065	0.0176681029341431	KIRC
CCNE2_sym2pro_Cyclin_E2.R.C	0.000375255837338814	0.020313841068152	9	-0.0798529475793113	0.0274840111175743	-0.0557326245035545	0.023282711878865	-0.0565702357004463	KIRC
MAPK1_sym2pro_ERK2.R.E	0.000398642056899808	0.020313841068152	9	0.194740946374624	-0.166176749214109	0.0417473673518959	-0.15845498226959	0.0362859641050339	KIRC
GATA3_sym2pro_GATA3.M.V	1.06088749652934e-06	0.000192096883914803	9	-0.107633719153974	0.0573180703700495	-0.0544917286954976	0.0523059535643042	-0.0553277655896702	KIRC
ERBB3_sym2pro_HER3.R.V	0.000599224117330912	0.0223699786387299	9	0.268871466922529	-0.0972077445358911	0.176158905117299	-0.100296658188572	0.168574808733956	KIRC
TSC2_sym2pro_Tuberin_pT1462.R.V	1.40730317886302e-06	0.000192096883914803	9	0.171117376378876	-0.0534963932141089	0.111030711764218	-0.0548309400324697	0.116286436346406	KIRC
NA_sym2pro_XRCC1.R.C	0.000668882042267922	0.0223699786387299	9	-0.0632302112106587	0.0376332025806451	-0.0309242831662562	0.0289435933824615	-0.0309431156805995	KIRC
EIF4G1_sym2pro_eIF4G.R.C	0.00024020915667856	0.020313841068152	9	0.154224081759431	-0.11212249002104	0.0553155484632701	-0.100073958788104	0.0541501229713276	KIRC
RPS6KA1_sym2pro_p90RSK.R.C	0.000446458045453891	0.020313841068152	9	0.155984809253084	-0.0746230497933168	0.0851161756101896	-0.068556664971504	0.0874281442815803	KIRC
YWHAZ_sym2pro_14.3.3_zeta.R.V	7.2817700541386e-10	8.15558246063523e-08	88	-0.35858690214388	0.0672699931946429	-0.241678564696429	0.098416886395894	-0.260170015747986	KIRP
EIF4EBP1_sym2pro_4E.BP1.R.V	0.00138462947202352	0.00581369530650687	88	0.155755984207484	-0.0121291623589286	0.159373216910714	0.00471575155722063	0.160471735764705	KIRP
EIF4EBP1_sym2pro_4E.BP1_pS65.R.V	0.00105356830349261	0.0048140597406077	88	-0.125174691444205	-0.0171880554732143	-0.141580408246429	-0.0323435638735959	-0.157518255317801	KIRP
EIF4EBP1_sym2pro_4E.BP1_pT37_T46.R.V	1.28895533440978e-05	0.00018045374681737	88	-0.337945290515899	0.109552180291071	-0.197594351503571	0.119615484914584	-0.218329805601315	KIRP
ADAR_sym2pro_ADAR1.M.V	0.00308569587860096	0.0104604082798757	88	0.0798706929966981	-0.0280024039660714	0.034852401725	-0.0449957319621183	0.0348749610345797	KIRP
PRKAA1_sym2pro_AMPK_pT172.R.V	0.013947550992784	0.0371934693140908	88	0.311096513960392	-0.264586903083929	-0.00536292232500004	-0.305982904669623	0.0051136092907692	KIRP
AKT1..AKT2..AKT3_sym2pro_Akt.R.V	0.00222325500899668	0.00803240519379446	88	-0.279421261587339	0.0099164177625	-0.245701777132143	-0.0356763858885534	-0.315097647475892	KIRP
BRAF_sym2pro_B.Raf_pS445.R.V	0.00101889824276367	0.00475485846623045	88	-0.206352284496295	-0.000636793141071433	-0.233309469610714	-0.0352808233433379	-0.241633107839633	KIRP
BAK1_sym2pro_Bak.R.E	0.000951108420682474	0.00463148448332335	88	0.131115675355805	0.0511131924277778	0.202760684242537	0.0749790249349013	0.197636327661931	KIRP
BAP1_sym2pro_Bap1.c.4.M.E	0.0019589887219879	0.0074270285548121	88	0.13454296122308	-0.0639998556517857	-0.030737565975	-0.154769751510767	-0.0202267902876869	KIRP
BCL2L1_sym2pro_Bcl.xL.R.V	4.39883579557642e-05	0.000447881462822326	88	-0.193028609754414	0.0270959454125	-0.108388618432143	0.0523572578712154	-0.140671351883198	KIRP
BCL2A1_sym2pro_Bcl2A1.R.V	0.0111085234231932	0.0303452347170157	88	-0.0923833777297513	0.0333973078839286	-0.0127112149607143	0.0818585739453561	-0.0105248037843952	KIRP
BECN1_sym2pro_Beclin.G.C	0.00565083520166606	0.0171052308807189	88	0.0708640256500297	0.00370981084821428	0.0748629614678571	0.00567520929668682	0.0765392349467166	KIRP
BID_sym2pro_Bid.R.C	0.00666918267272987	0.0199186255825532	88	-0.0909990836600778	-0.0213236783946428	-0.0705293462035714	0.0173285861172933	-0.0736704975427845	KIRP
PECAM1_sym2pro_CD31.M.V	0.000278917657818816	0.00183757515739455	88	0.192435215451009	0.0976279632982143	0.317564284867857	0.134670223367409	0.327105438818418	KIRP
CDK1_sym2pro_CDK1.R.V	2.47427327886772e-06	4.61864345388642e-05	88	0.228949738579393	0.0619207773267857	0.290526757082143	0.0851874538361321	0.314137192415525	KIRP
CDK1_sym2pro_CDK1_pY15.R.C	0.000151881142291594	0.00117315089218335	88	0.151626267715736	-0.00766208821607144	0.132944790939286	-0.00136397794567586	0.15026228977006	KIRP
CASP3_sym2pro_Caspase.3.R.E	0.000929657731260584	0.00462762959560824	88	-0.283103134094105	0.0451569824833333	-0.142064965018657	0.131476443629258	-0.141153583565508	KIRP
CAV1_sym2pro_Caveolin.1.R.V	0.00851097199383078	0.024364500352637	88	-0.339185574218345	0.194142322416071	0.0772593881035714	0.306701845361415	-0.0324837288569289	KIRP
CHEK1_sym2pro_Chk1.M.C	2.21305926858655e-07	9.91450552326774e-06	88	0.280979491061732	0.0161618108553572	0.260724213467857	0.000430664992914691	0.281410156054646	KIRP
CHEK1_sym2pro_Chk1_pS296.R.V	0.000530177384198225	0.00312525615948428	88	-0.106334909895942	0.00777938443749997	-0.0775619907678572	0.0285118560799437	-0.0778230538159978	KIRP
CHEK2_sym2pro_Chk2_pT68.R.E	0.0154520484225202	0.0402471958912154	88	0.0968687531913945	0.0475024399981482	0.153820896496269	0.063199462768278	0.153611894605306	KIRP
CCNB1_sym2pro_Cyclin_B1.R.V	0.00188639127075704	0.00728537318361341	88	0.220142428834203	0.0742080166875	0.313632737589286	0.114966139656024	0.335108568490227	KIRP
DIRAS3_sym2pro_DIRAS3.M.E	1.89020519104298e-05	0.000222845243575594	88	0.215274574207456	0.0919605071374999	0.256974896017857	0.0637588821793761	0.279033456386832	KIRP
PARK7_sym2pro_DJ.1.R.E	0.00417667263248025	0.0133653524239368	88	-0.10812654521736	0.0350545213660714	-0.0973205948392857	0.0189929780310452	-0.0891335671863145	KIRP
EGFR_sym2pro_EGFR_pY1068.R.C	0.000192941551056439	0.00139415830440782	88	0.23949812469259	0.0632121845482143	0.284765885453571	0.059314537195948	0.298812661888538	KIRP
EPPK1_sym2pro_EPPK1.M.E	0.000733758182268101	0.00400882519092816	88	0.403977781495432	-0.0508452119053571	0.0711838766178571	-0.265242719421408	0.138735062074024	KIRP
ESR1_sym2pro_ER.alpha.R.V	7.53467225297288e-07	2.10970823083241e-05	88	0.276311118493297	0.122434801608929	0.411986160003571	0.130607318067546	0.406918436560843	KIRP
ERCC1_sym2pro_ERCC1.M.V	0.000602910538045129	0.00346287078261818	88	0.194307423803577	-0.208269835483929	-0.0534346290964286	-0.255630961021747	-0.0613235372181707	KIRP
ERCC5_sym2pro_ERCC5.R.C	1.072157249759e-05	0.00016010881596401	88	-0.294601180736946	0.0843071599303571	-0.201798028225	0.0857599372483199	-0.208841243488626	KIRP
MAPK1_sym2pro_ERK2.R.E	0.00260281576338571	0.00896970355382154	88	-0.192113236848847	-0.0835511763446428	-0.247405121175	-0.0803932543189174	-0.272506491167764	KIRP
FOXO3_sym2pro_FOXO3a.R.C	3.64325559369316e-07	1.16584178998181e-05	88	0.262044938012195	0.0331896128089285	0.256128397332143	0.0196816607383687	0.281726598750564	KIRP
FOXM1_sym2pro_FoxM1.R.V	1.77398906686396e-06	3.61248682706843e-05	88	0.309597372648201	0.0474337870196428	0.351185884867857	0.0686827310398837	0.378280103688084	KIRP
GAPDH_sym2pro_GAPDH.M.C	0.00516520863663486	0.0160434304719197	88	-0.310473501286595	0.143095792873214	-0.142219081325	0.20706983592572	-0.103403665360875	KIRP
GSK3A..GSK3B_sym2pro_GSK3.alpha.beta.M.V	0.000161220135643252	0.00120377701280295	88	-0.167192509953656	0.0499588163660714	-0.140468201839286	0.0224096746930359	-0.14478283526062	KIRP
ERBB3_sym2pro_HER3.R.V	0.000775254514591273	0.00413469074448679	88	0.311110050681812	-0.0230215577803572	0.162108698996429	-0.137119687839182	0.17399036284263	KIRP
NRG1_sym2pro_Heregulin.R.V	0.00107456690638565	0.0048140597406077	88	0.162577171371249	-0.0113163601410714	0.144798423689286	-0.0189752130634661	0.143601958307783	KIRP
INPP4B_sym2pro_INPP4B.R.V	1.0809384456602e-06	2.6903356869765e-05	88	0.210302373954972	0.00598147468035718	0.210926871032143	0.00686906005068805	0.21717143400566	KIRP
IRF1_sym2pro_IRF.1.R.C	0.0122279888841494	0.0330008374704755	88	-0.077000224932542	-0.0140172588160714	-0.0725043661892857	-0.00356100786681712	-0.0805612327993591	KIRP
COPS5_sym2pro_JAB1.M.C	1.27286151850673e-06	2.85120980145507e-05	88	0.320305988354739	0.0214981251482143	0.292321005553571	0.0141504071326856	0.334456395487425	KIRP
MAPK9_sym2pro_JNK2.R.C	0.000257070798963264	0.00175941890972943	88	0.156216241959025	-0.100186538816071	0.0208622277821429	-0.142013225599114	0.0142030163599106	KIRP
JAK2_sym2pro_Jak2.R.V	1.33673547234712e-07	9.91450552326774e-06	88	-0.157193061236368	0.00821480658035714	-0.149216049082143	-0.00407702265939254	-0.16127008389576	KIRP
LCK_sym2pro_Lck.R.V	0.000102635353292421	0.000938730728864884	88	-0.208544696814556	0.0209784525089286	-0.0380066937678571	0.122388590326094	-0.0861561064884618	KIRP
MAP2K1_sym2pro_MEK1.R.V	1.49187430046014e-05	0.000196576378413571	88	0.330246449673245	-0.1556550142125	0.260762354917857	-0.10388817903087	0.226358270642376	KIRP
ERRFI1_sym2pro_MIG.6.M.V	0.00243124870203043	0.00864443982944155	88	0.0760093285193356	-0.00781460887321427	0.0242634331821429	-0.0359629369800792	0.0400463915392563	KIRP
MSH2_sym2pro_MSH2.M.V	0.00147649922119136	0.00590599688476545	88	0.14533642475207	-0.0539609454946428	0.0216219789678572	-0.115904341338171	0.0294320834138989	KIRP
MYH9_sym2pro_Myosin.IIa_pS1943.R.V	0.0189630625695494	0.0482696138133984	88	-0.127541204895381	-0.0382402308910715	-0.122110887739286	-0.0148974737335641	-0.142438678628945	KIRP
NRAS_sym2pro_N.Ras.M.V	0.000360247662945449	0.00224154101388279	88	0.139027877081443	0.0584418672517857	0.190501220075	0.0676510816141886	0.206678958695632	KIRP
NOTCH1_sym2pro_Notch1.R.V	0.00033737791528186	0.0021592186578039	88	0.127714110327187	-0.0113493641160714	0.150239044625	0.00721308179323311	0.13492719212042	KIRP
CDH3_sym2pro_P.Cadherin.R.C	0.00121272204076389	0.00522403340636754	88	0.150122364813238	0.0258746517732143	0.180808152146429	0.0414463783459317	0.19156874315917	KIRP
PARP1_sym2pro_PARP1.R.V	0.000702689165517905	0.00393505932690027	88	-0.35174392780995	0.0546089950589286	-0.272116674453571	0.0497477432741747	-0.301996184535775	KIRP
PARP1_sym2pro_PARP_cleaved.M.E	1.71101887253167e-05	0.000212926793026163	88	0.206098613632737	0.0788274137446428	0.256203818003571	0.0747670126104632	0.2808656262432	KIRP
PDCD4_sym2pro_PDCD4.R.C	0.000136558394759823	0.00109246715807858	88	-0.300272479456465	0.0760952585339286	-0.182512441975	0.069953212451472	-0.230319267004993	KIRP
PEA15_sym2pro_PEA15.R.V	1.09445979891938e-10	2.4515899495794e-08	88	-0.2898266369868	0.0448956440732143	-0.163977986739286	0.0795852158885784	-0.210241421098221	KIRP
PEA15_sym2pro_PEA15_pS116.R.V	0.0161282499173025	0.04152560898248	88	-0.278453708346899	0.137550976926786	-0.00752778011785714	0.195667851283015	-0.0827858570638842	KIRP
PRKCA_sym2pro_PKC.alpha.M.V	0.00725080882486563	0.0213708049574987	88	0.144042824849536	-0.0439195268232143	-0.0119314549178572	-0.144962911743933	-0.000920086894397749	KIRP
PRKCD_sym2pro_PKC.delta_pS664.R.V	0.00175285261032188	0.00688840324056318	88	0.0961514874746126	0.0118768023267857	0.0614968925678571	-0.023258246199489	0.0728932412751236	KIRP
PGR_sym2pro_PR.R.V	0.000134160587817092	0.00109246715807858	88	0.0946601419608365	0.0477925549303571	0.142340299989286	0.059370481540503	0.154030623501339	KIRP
RAD50_sym2pro_Rad50.M.V	0.00401454899175577	0.0132243966787249	88	-0.112956260442994	0.00967492239107142	-0.0936533264035714	0.029053867119648	-0.0839023933233462	KIRP
RPTOR_sym2pro_Raptor.R.V	0.0052284393948667	0.0160434304719197	88	-0.16308993966746	0.0230883604446429	-0.168680819996429	-0.029858301656317	-0.192948241323777	KIRP
SCD_sym2pro_SCD.M.V	4.07159030113978e-06	7.01566328811777e-05	88	0.184144622586168	0.0626699892446428	0.218117841660714	0.0576115443222514	0.241756166908419	KIRP
SRSF1_sym2pro_SF2.M.V	5.79498980526202e-05	0.000564381615816823	88	0.101988950443523	0.0146163223232143	0.113437472160714	0.0201476786088614	0.122136629052384	KIRP
PTPN11_sym2pro_SHP.2_pY542.R.C	0.00140151583281862	0.00581369530650687	88	0.125240662631147	-0.0145551695339285	0.0998496595892857	-0.0135061602136566	0.111734502417491	KIRP
SHC1_sym2pro_Shc_pY317.R.E	0.0014496578103383	0.0059040609002869	88	0.14236868693779	-0.0354459755839286	0.118465664017857	-0.0294163798967119	0.112952307041078	KIRP
SMAD3_sym2pro_Smad3.R.V	0.000104769054560813	0.000938730728864884	88	-0.0949894976878869	0.0167699953017857	-0.0644083026678572	0.0285523305146488	-0.0664371671732382	KIRP
SMAD4_sym2pro_Smad4.M.V	1.79055124515008e-07	9.91450552326774e-06	88	0.190004224667528	0.0433664434053572	0.186523085710714	0.0217060971301962	0.211710321797724	KIRP
SNAI1_sym2pro_Snail.M.E	0.000117356445729512	0.00101107091705425	88	0.165553989973133	0.0621937471732142	0.209679597946429	0.062086649236342	0.227640639209475	KIRP
SRC_sym2pro_Src.M.V	0.0110850307084502	0.0303452347170157	88	-0.0826803254048857	0.0352468415053572	-0.0360454212321428	0.0560103406340662	-0.0266699847708195	KIRP
SYK_sym2pro_Syk.M.V	0.00312878283371281	0.0104604082798757	88	-0.294444078174502	0.0971165712303571	-0.0817983267678571	0.162318796472494	-0.132125281702007	KIRP
TFRC_sym2pro_TFRC.R.V	0.000259200107236926	0.00175941890972943	88	-0.31667613078672	0.0452779689803571	-0.179647841382143	0.148235450823058	-0.168440679963662	KIRP
C12ORF5_sym2pro_TIGAR.R.V	0.00253856404309295	0.00888497415082534	88	-0.114306576622209	-0.00347150219107139	-0.045699907925	0.049863200874703	-0.0644433757475059	KIRP
TGM2_sym2pro_Transglutaminase.M.V	0.00198938264861039	0.0074270285548121	88	-0.306548143181671	0.259499728719643	-0.065423702275	0.266457544642321	-0.0400905985393502	KIRP
TSC2_sym2pro_Tuberin.R.E	0.000978800589390491	0.00466492195794617	88	0.241191968688893	-0.195604620241071	-0.0122578992392858	-0.285997672756878	-0.0448057040679856	KIRP
KDR_sym2pro_VEGFR2.R.V	0.000523031401294265	0.00312525615948428	88	-0.212739806424029	0.0718390354303571	-0.192210552225	-0.0314343792313252	-0.244174185655355	KIRP
XBP1_sym2pro_XBP1.G.C	0.00202309803229712	0.00742908129892712	88	0.14024440504418	0.0644544335517857	0.212904338746429	0.0795950476272463	0.219839452671426	KIRP
XRCC1_sym2pro_XRCC1.R.E	0.00859283717793894	0.024364500352637	88	0.0508362024555817	0.0358089329982143	0.0553951710535715	0.0231123721284279	0.0739485745840095	KIRP
YAP1_sym2pro_YAP_pS127.R.E	0.000807674185983587	0.00420741901535636	88	-0.265615961861033	0.0878242789017857	-0.224685153725	0.0436672510382386	-0.221948710822795	KIRP
ABL_sym2pro_c.Abl.R.V	3.5501582880556e-05	0.00037868355072593	88	-0.134438345592611	0.0185619891089286	-0.111696091053571	0.0144643453230295	-0.119974000269582	KIRP
MYC_sym2pro_c.Myc.R.C	2.9181120438004e-05	0.000326828548905644	88	0.203998843876276	0.0588385738767857	0.257685888782143	0.0850933547212497	0.289092198597526	KIRP
EEF2_sym2pro_eEF2.R.C	0.0149507052200954	0.0393995055211925	88	-0.160312591370859	0.0118086096232143	-0.123388306453571	0.0267525175028954	-0.133560073867963	KIRP
EIF4G1_sym2pro_eIF4G.R.C	0.00497112111280093	0.0156835370319353	88	0.247498607812158	-0.157206772351786	0.0896801580535714	-0.211006202271539	0.0364924055406182	KIRP
CDKN2A_sym2pro_p16_INK4a.R.V	0.000917830208024229	0.00462762959560824	88	0.216129480333829	0.0165067064053572	0.233350559510714	0.0440005395950351	0.260130019928864	KIRP
CDKN1A_sym2pro_p21.R.V	0.00411971541235758	0.0133653524239368	88	-0.296707500117803	0.0478899547875	-0.232521253725	0.0889724516906231	-0.207735048427179	KIRP
CDKN1B_sym2pro_p27_pT157.R.C	6.37915219592829e-06	0.000102066435134853	88	0.0993741729901211	-0.0188813636089286	0.0476509331821428	-0.0407288501130416	0.0586453228770795	KIRP
MAPK14_sym2pro_p38_MAPK.R.V	0.00940871876518426	0.0263444125425159	88	-0.162601309372096	0.00900114374464284	-0.150851953010714	-0.0202776285656016	-0.182878937937698	KIRP
MAPK14_sym2pro_p38_pT180_Y182.R.V	0.00785387564784721	0.0228476382482828	88	-0.276541550460332	0.163216378244643	-0.148866226310714	0.1537418483067	-0.122799702153632	KIRP
TP53_sym2pro_p53.R.E	3.48717099901542e-07	1.16584178998181e-05	88	0.3077323979802	0.0932955429982143	0.362081329353571	0.0820378928880375	0.389770290868237	KIRP
RPS6KB1_sym2pro_p70S6K_pT389.R.V	0.00117505224851204	0.00516101379738621	88	0.147423855059404	0.0599989335053571	0.205276617982143	0.0654712504370494	0.212895105496453	KIRP
EIF4EBP1_sym2pro_4E.BP1_pT37_T46.R.V	0.0116189394551217	0.0469011213211111	59	-0.1657041852755	0.151093983318773	-0.102915146930556	0.0802685866124561	-0.0854355986630445	LGG
ARAF_sym2pro_A.Raf.R.V	1.04593237240456e-05	0.000239106983277645	59	0.0910243314265787	-0.0592433203169145	0.0282660647242064	-0.0643905111350419	0.0266338202915368	LGG
ACVRL1_sym2pro_ACVRL1.R.C	0.00581618673056423	0.0270630729503805	59	0.0449121968680313	-0.0218413096143123	0.0265776661805556	-0.018715802879909	0.0261963939881223	LGG
PRKAA1_sym2pro_AMPK_alpha.R.C	1.04871483893704e-05	0.000239106983277645	59	0.109712043896566	-0.0275526823652416	0.108275173327381	-0.00511201362487643	0.104600030271689	LGG
AR_sym2pro_AR.R.V	0.00168944660274696	0.0114551234341891	59	0.0816998777503716	-0.00816262355483272	0.0786932668988096	-0.00167126468866666	0.0800286130617049	LGG
ASNS_sym2pro_ASNS.R.V	6.83978785070316e-06	0.00019493395374504	59	0.175635156114844	-0.0582439918522305	0.119658724811508	-0.0493732470214849	0.126261909093359	LGG
ANXA1_sym2pro_Annexin.1.M.E	2.49159549888938e-07	1.89361257915593e-05	59	0.396153217170151	-0.0150446459749071	0.466223611240079	0.0252038615525648	0.421357078722716	LGG
BAD_sym2pro_Bad_pS112.R.V	0.00546016298591206	0.0267525593298977	59	0.0568324670601561	0.00918434172397769	0.0735266581011905	0.011897549898579	0.0687300169587351	LGG
BAK1_sym2pro_Bak.R.E	0.000264268742005441	0.00303167162132006	59	-0.0572567068970874	0.0342327315523648	-0.0230583214185393	0.018589227725683	-0.0174983199744204	LGG
BAX_sym2pro_Bax.R.V	0.0031860792398079	0.0172958587303858	59	0.104057321611971	0.0328620458578067	0.147510305815476	0.0324493324590172	0.136506654070988	LGG
BCL2L11_sym2pro_Bim.R.V	0.00192244811247863	0.0121755047123646	59	-0.0906338892855891	0.0749855137797398	-0.0586177531210317	0.0408633494518517	-0.0497705398337375	LGG
RAF1_sym2pro_C.Raf_pS338.R.E	0.00025071676732417	0.00303167162132006	59	-0.0820217928022203	0.0750278829172298	0.000785483216292179	0.0481146057492226	0.00240317062097279	LGG
MS4A1_sym2pro_CD20.R.C	0.0118949906342404	0.0469011213211111	59	-0.0374715019880589	0.0104178034414498	-0.0207355728035714	0.0157201954204929	-0.0217513065675661	LGG
CD26_sym2pro_CD26.R.V	0.00942791852010197	0.0413377965881394	59	0.0547313647774554	-0.0190122183986989	0.0570507204662699	-0.00612828976243643	0.048603075015019	LGG
NA_sym2pro_Caspase.3.R.C	0.00551478196712803	0.0267525593298977	59	-0.043247370824413	-0.0156282131942379	-0.0513670539821428	-0.0082241358061719	-0.0514715066305849	LGG
NA_sym2pro_Chk1.R.E	0.00840997231499398	0.0375975232905613	59	-0.0528944448859912	0.0176799294307432	-0.0172503285758427	0.0179429889098496	-0.015180624522391	LGG
CHEK1_sym2pro_Chk1_pS296.R.V	0.00316114752721798	0.0172958587303858	59	0.0583350016763756	0.00164727311802975	0.067535445311508	0.00587886054756784	0.0642138622239434	LGG
CHEK2_sym2pro_Chk2_pT68.R.E	0.00119936686215967	0.010050517278403	59	-0.0620920982786402	-0.00960830055574323	-0.0647197786601123	-0.000239702519401776	-0.045057261380837	LGG
CCNE2_sym2pro_Cyclin_E2.R.C	0.000179073007168373	0.00247480296559101	59	-0.0634088944986823	0.0117713754860595	-0.0397347550575396	0.0222513799139644	-0.0411575145847179	LGG
EGFR_sym2pro_EGFR.R.V	6.5641192225865e-06	0.00019493395374504	59	0.377858581278918	0.0995707278355018	0.505948549974206	0.0977304875080831	0.475589068787001	LGG
EGFR_sym2pro_EGFR_pY1068.R.C	0.00162765820209743	0.0114551234341891	59	0.334003046449233	0.0890050100622677	0.476126020418651	0.117762672750595	0.451765719199829	LGG
EGFR_sym2pro_EGFR_pY1173.R.V	0.000184524782522136	0.00247480296559101	59	0.190691750967816	-0.0072780007704461	0.216232989867064	0.0166151788923229	0.207306929860139	LGG
FOXO3_sym2pro_FOXO3a.R.C	0.0025613907745151	0.0149742845279344	59	-0.0893920303625132	0.0618161679433086	-0.0281131349940476	0.057828736468536	-0.0315632938939773	LGG
GAPDH_sym2pro_GAPDH.M.C	0.000644567716463011	0.00599432089618712	59	0.181132583613951	0.0228233040585502	0.251653209299603	0.0640658793833298	0.245198462997281	LGG
GATA3_sym2pro_GATA3.M.V	0.000732656462831213	0.00642483359713525	59	-0.0789411882107982	0.0465562741737918	-0.0320909137400794	0.0468730462268464	-0.0320681419839518	LGG
ERBB2_sym2pro_HER2.M.V	1.53096240274101e-05	0.000317326752568137	59	0.18934168027319	-0.0311991321533457	0.20545104655754	-0.00277455643868802	0.186567123834502	LGG
ERBB2_sym2pro_HER2_pY1248.R.C	0.000265936107133339	0.00303167162132006	59	0.269026447881958	0.0423417990399628	0.361984751125	0.07232937367587	0.341355821557828	LGG
ERBB3_sym2pro_HER3_pY1289.R.C	0.0111947204230413	0.0464072046627894	59	-0.0675556497461057	0.086110093489777	0.00330064046626986	0.0686268060775301	0.0010711563314243	LGG
HSP70_sym2pro_HSP70.R.C	0.00411492366614141	0.0208489465751165	59	0.19885942741018	0.0312732259656134	0.197226129438492	0.0154265397593505	0.214285967169531	LGG
IGFBP2_sym2pro_IGFBP2.R.V	4.87548018322931e-07	2.22321896355257e-05	59	0.29939900884286	-0.0508017452537175	0.284972701041667	-0.0220611314704195	0.277337877372441	LGG
IRF1_sym2pro_IRF.1.R.C	0.00175846193068692	0.0114551234341891	59	0.0577784125486901	-0.0131318092202602	0.0651335981686508	-0.00377544792230681	0.0540029646263833	LGG
MAPK9_sym2pro_JNK2.R.C	0.00168561709112181	0.0114551234341891	59	0.0866545517603126	-0.0113624931236059	0.067498298077381	-0.0160864146258867	0.0705681371344259	LGG
XRCC5_sym2pro_Ku80.R.C	0.0119309870027388	0.0469011213211111	59	-0.105382077565826	-0.00173919570724906	-0.154775344656746	-0.0382938262399679	-0.143675903805794	LGG
STK11_sym2pro_LKB1.M.E	0.0034728937866692	0.0179959041672859	59	0.0653963779029366	-0.0105975634693309	0.0661274791011905	-0.00131299410785598	0.0640833837950806	LGG
LCK_sym2pro_Lck.R.V	2.44155608923215e-05	0.000463895656954108	59	0.128212453783578	-0.023660551777881	0.111657200041667	-0.0258164289690439	0.102396024814534	LGG
ERRFI1_sym2pro_MIG.6.M.V	0.0104180739629749	0.0439874233992274	59	0.0414097263722433	-0.0194861746886617	0.0239043755734127	-0.0185682758934037	0.0228414504788396	LGG
NRAS_sym2pro_N.Ras.M.V	0.0102864904166041	0.0439874233992274	59	-0.037344885582546	0.000572919140334542	-0.0391321203710317	-0.000962972119251496	-0.0383078577017975	LGG
NDRG1_sym2pro_NDRG1_pT346.R.V	0.00211619147468857	0.0130403150332161	59	-0.156673946210748	0.0498355577351301	-0.0412816392003968	0.0840139528716291	-0.0726599933391185	LGG
NF2_sym2pro_NF2.R.C	0.00572264317200463	0.0270630729503805	59	-0.0780185982456733	0.0885552711477695	-0.0157080139424603	0.0725048919706484	-0.00551370627502485	LGG
SERPINE1_sym2pro_PAI.1.M.E	3.67331613863036e-07	2.09379019901931e-05	59	0.262046821433512	-0.030502021580855	0.26750671285119	-0.010769361636413	0.251277459797099	LGG
PARP1_sym2pro_PARP1.R.V	0.000657272028090693	0.00599432089618712	59	-0.164459545258881	-0.0260246602396694	-0.247592493945946	-0.0192796921368947	-0.0582719321567303	LGG
PDCD4_sym2pro_PDCD4.R.C	0.00229548690516764	0.0137729214310058	59	-0.152445828170544	0.0354091982109665	-0.135212124132936	0.0168840606145832	-0.135561767555961	LGG
PRKCA_sym2pro_PKC.alpha_pS657.R.C	0.00823961772641031	0.037572656832431	59	-0.152042830074181	0.0746452924526022	-0.0718543278234127	0.0794231468789393	-0.0726196831952414	LGG
RICTOR_sym2pro_Rictor.R.C	6.47611903925838e-05	0.000984370093967274	59	-0.0835012967239629	0.0266768390771375	-0.0725427840575397	0.0142438713865864	-0.0692574253373766	LGG
SCD_sym2pro_SCD.M.V	0.000615572774150246	0.00599432089618712	59	-0.0645537980658962	0.00551490990241638	-0.0679941833749999	0.000607874468224169	-0.0639459235976721	LGG
STAT5A_sym2pro_STAT5.alpha.R.V	1.16835922199595e-07	1.33192951307539e-05	59	0.206425157201284	-0.0460693586328996	0.187050132228175	-0.0327555151105518	0.173669642090733	LGG
SMAD1_sym2pro_Smad1.R.V	0.012867726724866	0.0497261303943974	59	0.0760029855051981	0.0422015472927509	0.112089041410714	0.0305531657555847	0.106556151260783	LGG
SRC..YES1..FYN..FGR_sym2pro_Src_pY527.R.V	3.3969327402653e-05	0.000553214760557492	59	-0.226672927466483	0.0802635737016729	-0.126863169267857	0.0801348532645866	-0.146538074201896	LGG
TAZ_sym2pro_TAZ.R.V	0.000410082260674281	0.00424994342880618	59	0.0756066334816181	-0.00719078332806692	0.0792393451924603	-0.00120847975086056	0.0743981537307576	LGG
TFRC_sym2pro_TFRC.R.V	2.43073983054979e-08	5.54208681365352e-06	59	0.383401840067917	0.0297059145975836	0.387726713236111	-0.000514591188075973	0.382887248879841	LGG
XBP1_sym2pro_XBP1.G.C	0.00171309682296554	0.0114551234341891	59	-0.223234067060552	0.11470583442658	-0.0621852950853174	0.140618636351252	-0.0826154307092993	LGG
XRCC1_sym2pro_XRCC1.R.E	0.00335521138197726	0.0177904231416469	59	-0.0915073017775192	0.017512052768595	-0.095669762027027	0.0022553013035424	-0.0241128659384252	LGG
YAP1_sym2pro_YAP.R.E	0.00147602334738363	0.0114551234341891	59	0.0799077672730521	0.00840912604368029	0.0920086062083333	0.00790176852887759	0.0878095358019297	LGG
ABL_sym2pro_c.Abl.R.V	0.00159481575893092	0.0114551234341891	59	0.0634913477184898	0.0080121987091078	0.0562309510813492	-0.00808691689202539	0.0554044308264644	LGG
EIF4E_sym2pro_eIF4E.R.V	0.00276329190511836	0.0157507638591746	59	0.0416250974972084	-0.0325006168373606	0.00916718474404765	-0.0342462756091474	0.00737882188806108	LGG
EIF4G1_sym2pro_eIF4G.R.C	1.74117010326431e-06	6.61644639240437e-05	59	0.147191952803054	-0.0810364996626394	0.061375971625	-0.0845317518084124	0.0626602009946419	LGG
CDKN1B_sym2pro_p27.R.V	0.0012342740517337	0.010050517278403	59	-0.106227113315938	0.113535003556691	0.00105639548214287	0.109449515402804	0.00322240208686628	LGG
CDKN1B_sym2pro_p27_pT157.R.C	0.000287690194805635	0.00312349354360403	59	-0.0451002847517989	0.0103823839098513	-0.0277674619980158	0.0165093753002118	-0.0285909094515871	LGG
TP53_sym2pro_p53.R.E	3.06107867905749e-05	0.000536866106788544	59	-0.104541454500917	0.0497778538875464	-0.075975231922619	0.0334367137399688	-0.0711047407609478	LGG
YWHAZ_sym2pro_14.3.3_zeta.R.V	0.000508830964210191	0.027858495290508	4	-0.159828043375813	0.0757046691652542	-0.0878956762213115	0.0712632038489549	-0.0885648395268585	LIHC
PGR_sym2pro_PR.R.V	0.000271746068972496	0.027858495290508	4	0.0770193145847263	-0.0456133111652543	0.053738345795082	-0.0167738635636543	0.060245451021072	LIHC
YAP1_sym2pro_YAP_pS127.R.E	1.13663170968942e-06	0.000248922344421984	4	-0.19825822432693	0.0585213809279661	-0.138204299286885	0.0351131842172171	-0.163145040109713	LIHC
CTNNB1_sym2pro_beta.Catenin.R.V	0.000506137584401467	0.027858495290508	4	-0.224605699213203	-0.0388242773771186	-0.236464630770492	-0.0315080694339713	-0.256113768647174	LIHC
ACACA..ACACB_sym2pro_ACC_pS79.R.V	0.00136583882161868	0.0209428619314865	28	0.197369098163047	-0.0677690446355422	0.146812406	-0.0755888933270144	0.121780204836033	LUAD
ASNS_sym2pro_ASNS.R.V	0.000463569773726925	0.00984194288835626	28	0.279778695521148	-0.0418878191536145	0.185746125436047	-0.0774599293834202	0.202318766137728	LUAD
NA_sym2pro_Bap1.c.4.M.V	0.0027964462686223	0.0308727668055902	28	-0.131685396086202	0.0203391093214286	-0.0907812674264706	0.0233566093065208	-0.0735857176468782	LUAD
BID_sym2pro_Bid.R.C	0.000105303990752433	0.00363298768095894	28	0.0932268248110765	-0.0260292967379518	0.0495735967209302	-0.038084937733647	0.0551418870774294	LUAD
NA_sym2pro_CD274.R.E	8.70983306719177e-05	0.00343416275220704	28	0.555840788568623	-0.114457491738095	0.459566261367647	-0.0535179981237068	0.373167709062123	LUAD
CCNB1_sym2pro_Cyclin_B1.R.V	4.56551364126251e-06	0.00077141038361693	28	0.399953762939758	-0.0757080320933735	0.278405266075581	-0.127004039022959	0.272949723916799	LUAD
NA_sym2pro_DJ.1.R.V	0.00236839335611329	0.029677505184903	28	-0.160875535715523	0.0946301416309524	-0.0555814803235294	0.0541643391031058	-0.0543179201107803	LUAD
CDH1_sym2pro_E.Cadherin.R.V	0.00157759703133609	0.0229166726657243	28	-0.256187720944302	-0.00435069681024097	-0.184907524668605	0.0476969002951365	-0.208490820649166	LUAD
FOXM1_sym2pro_FoxM1.R.V	2.38253796115526e-05	0.0013151609545577	28	0.196476135327666	-0.00232852054518072	0.172015264813953	-0.0256287537183357	0.17084738160933	LUAD
G6PD_sym2pro_G6PD.M.V	0.000672826029895571	0.0113311375092067	28	0.257716529960046	-0.0122014571596386	0.309824159255814	-0.0257496429370133	0.231966887023032	LUAD
GAPDH_sym2pro_GAPDH.M.C	0.00247312543207525	0.029677505184903	28	0.297410788168694	-0.102772909713855	0.196938431668605	-0.135714687232258	0.161696100936436	LUAD
MAP2K1_sym2pro_MEK1.R.V	0.00188631271587031	0.0247915385514384	28	0.11510396956745	-0.0266841965933735	0.0751192002034884	-0.0558863729622475	0.0592175966052026	LUAD
MYH11_sym2pro_MYH11.R.V	0.00178106406554704	0.0245786841045491	28	-0.50576784070505	0.071985901996988	-0.373445349098837	0.119423758599167	-0.386344082105883	LUAD
PCNA_sym2pro_PCNA.M.C	1.89250289454981e-05	0.00130582699723937	28	0.126096721970064	0.0325131227012195	0.114603549833333	0.0057432370012977	0.0272528449687366	LUAD
NA_sym2pro_PD.L1.R.V	0.000203531444790215	0.00561746787620992	28	0.422685897011116	-0.135617231559524	0.341959032772059	-0.0504352504390015	0.270255524682907	LUAD
PDCD4_sym2pro_PDCD4.R.C	8.38489547409707e-06	0.00077141038361693	28	-0.340213414203679	0.163907737225904	-0.144201904767442	0.209705652727964	-0.130507761475716	LUAD
AKT1S1_sym2pro_PRAS40_pT246.R.V	0.000317197335809288	0.00729553872361363	28	-0.0701096617412076	0.0439523473885542	-0.02809311275	0.0465367498940684	-0.0235729118471392	LUAD
RAB25_sym2pro_Rab25.R.V	0.00305115787040819	0.0323892143166408	28	-0.185909613531389	0.0636525743162651	-0.0450135346395349	0.105461238629381	-0.0804483749020085	LUAD
TFRC_sym2pro_TFRC.R.V	5.6235247599345e-06	0.00077141038361693	28	0.403043530266381	-0.0422934221475904	0.35232266527907	-0.0812292617021918	0.321814268564189	LUAD
NKX2.1_sym2pro_TTF1.R.V	0.000252451762608532	0.00633424422545045	28	-0.614966653112726	0.0668432234126506	-0.629210037848837	0.0658464109010124	-0.549120242211714	LUAD
TSC2_sym2pro_Tuberin_pT1462.R.V	0.0042909309455812	0.0422963193207289	28	-0.0944170445584535	0.0521484842861446	-0.0688734948313953	0.0378179542615859	-0.0565990902968675	LUAD
NA_sym2pro_YAP_pS127.R.C	7.10604141999688e-05	0.00326877905319857	28	-0.357495101470893	0.210583602488095	-0.0669633090882353	0.15327356029115	-0.0750192903175267	LUAD
YAP1_sym2pro_YAP_pS127.R.E	0.000697932382813456	0.0113311375092067	28	-0.272933046538863	0.0212643327621951	-0.205332732861111	0.0156480796848725	-0.0459549929780387	LUAD
ABL_sym2pro_c.Abl.R.V	0.00274766600152663	0.0308727668055902	28	0.070456407829616	-0.000625902906626515	0.0837850686860465	0.0245159655547287	0.0949723733843447	LUAD
EEF2K_sym2pro_eEF2K.R.V	0.000186152813239778	0.00561746787620992	28	-0.17693385453426	0.0395118387801205	-0.0757238151337209	0.0618513008508367	-0.115082553683423	LUAD
MTOR_sym2pro_mTOR_pS2448.R.C	0.000523123402409292	0.0100771579348557	28	-0.119882103829739	0.0336781594849397	-0.0937197469767442	0.0283754703999083	-0.0915066334298311	LUAD
CDKN1B_sym2pro_p27.R.V	0.00427065247839308	0.0422963193207289	28	-0.0753718324515659	0.0483776220331325	-0.0383620384593023	0.0573274290558077	-0.0180444033957581	LUAD
RPS6KA1_sym2pro_p90RSK_pT359_S363.R.C	0.000547671626894329	0.0100771579348557	28	-0.0941210367535245	0.0155952904789157	-0.0526168928313953	0.0224060862778305	-0.071714950475694	LUAD
MAP2K1_sym2pro_MEK1.R.V	5.79792562615967e-05	0.009075445315268	3	0.298289068978913	-0.194877102421717	0.111963461673387	-0.204927265201721	0.0933618037771923	OV
RELA_sym2pro_NF.kB.p65_pS536.R.C	0.000402476833782619	0.0355521203174646	3	0.348660439254415	-0.213262416709596	0.117020841895161	-0.229016290688524	0.11964414856589	OV
NA_sym2pro_p62.LCK.ligand.M.E	6.84939269076831e-05	0.009075445315268	3	0.439100571310453	-0.198170857348958	0.204232602487805	-0.203390783956494	0.228288477464108	OV
CCNB1_sym2pro_Cyclin_B1.R.V	0.000609594743512961	0.0273098445093806	5	0.361619124651109	-0.207804078628049	0.267782833202703	-0.1815704473063	0.18004867734481	PAAD
CDH3_sym2pro_P.Cadherin.R.C	0.000410504009980433	0.0273098445093806	5	0.13756851147651	-0.0791495067743903	0.0999602135810811	-0.0647845487443219	0.0727839627321883	PAAD
PDCD4_sym2pro_PDCD4.R.C	1.02254694350415e-05	0.0022905051534493	5	-0.441743640886118	0.390862977079268	-0.0535114437027027	0.37273997388128	-0.0690036670048376	PAAD
SRC..LYN..FYN..LCK..YES1..HCK_sym2pro_Src_pY416.R.C	0.000535573638827175	0.0273098445093806	5	0.32072342846257	-0.173676437237805	0.1695027905	-0.136132861536677	0.184590566925892	PAAD
TFRC_sym2pro_TFRC.R.V	6.20100557547931e-05	0.00694512624453683	5	0.391892365504489	-0.269005935542683	0.159649310695946	-0.274886720105845	0.117005645398644	PAAD
DIRAS3_sym2pro_DIRAS3.M.E	4.73134396819414e-05	0.0107401508078007	1	-0.0700903234799234	0.0239811651257669	-0.0350550378477272	0.0329762817915681	-0.0371140416883553	PRAD
NDRG1_sym2pro_NDRG1_pT346.R.V	3.39883328183113e-05	0.00744344488721018	1	0.696168234593212	-0.166660987264368	0.479702420526718	-0.156823981429486	0.539344253163727	SARC
EIF4EBP1_sym2pro_4E.BP1.R.V	1.62864712357115e-06	6.16171495084419e-05	54	0.277427068873896	-0.0242407985736842	0.145083691329032	-0.0555406909087073	0.221886377965188	STAD
EIF4EBP1_sym2pro_4E.BP1_pS65.R.V	0.000656133123186977	0.00513593858494634	54	-0.155379580658118	0.119995923731579	0.0223302514258064	0.120026704734788	-0.0353528759233301	STAD
ACACA_sym2pro_ACC1.R.E	0.00541183905366778	0.0255934888579705	54	0.242843147704417	-0.0516154649	0.0969936882387097	-0.0717122789958786	0.171130868708538	STAD
ACVRL1_sym2pro_ACVRL1.R.C	0.000496742521939923	0.00417631675853195	54	-0.13790728032163	0.101153529173684	-0.00583237123870968	0.0874028284974681	-0.0505044518241616	STAD
PRKAA1_sym2pro_AMPK_alpha.R.C	0.00217398289915859	0.0134480301874458	54	-0.0923049966614831	0.106506399531579	0.027119519083871	0.103327715763178	0.0110227191016948	STAD
AR_sym2pro_AR.R.V	0.00011331668839743	0.00142904934812314	54	-0.0833555795507126	0.0331607551105263	-0.0123383860516129	0.0372460797432784	-0.0461094998074342	STAD
ASNS_sym2pro_ASNS.R.V	0.000519993754515977	0.0042156636526831	54	0.286429998037312	0.0108380816368421	0.252297828316129	0.0267701000595925	0.313200098096905	STAD
AKT1..AKT2..AKT3_sym2pro_Akt.R.V	0.00813165485700754	0.0369177130508142	54	-0.165795805921949	-0.0135960561947369	-0.161912448322581	-0.0249074414904262	-0.190703247412375	STAD
BAD_sym2pro_Bad_pS112.R.V	5.93356756848911e-05	0.000841824898779393	54	-0.169218579024298	0.0240637113526316	-0.107696266819355	0.0177224175145082	-0.15149616150979	STAD
NA_sym2pro_Bak.R.C	0.00431252559275659	0.0212813762946901	54	-0.087119914829026	0.0052436436774194	-0.0475323524	-0.00268678763213774	-0.0256208934750769	STAD
BCL2_sym2pro_Bcl.2.M.V	8.79072120645038e-06	0.000181408519442203	54	-0.166224403200844	0.0486560656052632	-0.0544753374967742	0.0744470962025609	-0.0917773069982834	STAD
RAF1_sym2pro_C.Raf_pS338.R.E	0.00594864711640424	0.0275580182739544	54	0.0797966387289873	-0.00626086705468753	0.0626706685333333	-0.0150306271006012	0.0403552246083411	STAD
MS4A1_sym2pro_CD20.R.C	0.000124923867751842	0.00144056011188049	54	-0.0961056629906497	0.0399077152263158	0.0167406236774194	0.0648770454342715	-0.0312286175563782	STAD
CASP7_sym2pro_Caspase.7_cleavedD198.R.C	2.72825377017901e-05	0.000442366861307597	54	0.60799946824156	0.0289435490473684	0.566971071445161	0.0975157773500825	0.705515245591643	STAD
CAV1_sym2pro_Caveolin.1.R.V	2.12873722813914e-07	3.93938229971323e-05	54	-0.766351959356159	0.367714442352632	-0.0249383057548387	0.491505173472663	-0.274846785883496	STAD
CHEK2_sym2pro_Chk2.M.E	9.26241333772343e-05	0.00123680460450778	54	0.239938722182846	-0.0630289621736842	0.0983064439935484	-0.060899127639683	0.179039594543163	STAD
CLDN7_sym2pro_Claudin.7.R.V	5.17677639064275e-06	0.00014184024061979	54	0.53440101120717	-0.165844543805263	0.233676674316129	-0.234202510247079	0.300198500960091	STAD
CCNB1_sym2pro_Cyclin_B1.R.V	9.7199005961411e-07	4.99103922595667e-05	54	0.433420020220534	-0.170771816068421	0.129890349058065	-0.161829929633861	0.271590090586674	STAD
CCND1_sym2pro_Cyclin_D1.R.V	0.0118116225641756	0.0496525615197753	54	-0.164372091881769	0.136011428184211	0.0189110418322581	0.122158553860264	-0.0422135380215044	STAD
CCNE1_sym2pro_Cyclin_E1.M.V	0.00293597937545269	0.0162553004445795	54	0.281973492679518	-0.00189244736315787	0.171867552632258	-0.065841661493552	0.216131831185967	STAD
DIRAS3_sym2pro_DIRAS3.M.E	0.00878224695713983	0.0383378857552066	54	-0.0632762976765056	-0.0324994133526314	-0.0324729068774192	-0.0148355975938957	-0.0781118952704013	STAD
ESR1_sym2pro_ER.alpha.R.V	0.000190222443340465	0.00187741281036025	54	-0.113802400297899	0.0497552268263159	-0.0103267612129031	0.0615186989292887	-0.0522837013686098	STAD
FASN_sym2pro_FASN.R.V	1.59270736335036e-05	0.000278111208831178	54	0.337020590023562	-0.0927480383210526	0.0878610762322581	-0.162184770221889	0.174835819801674	STAD
FOXO3_sym2pro_FOXO3a.R.C	0.00345039603217466	0.0178009068023556	54	-0.133481980350373	0.0743926288368421	-0.0205659567741936	0.0579884927153933	-0.0754934876349797	STAD
FOXO3_sym2pro_FOXO3a_pS318_S321.R.C	0.000126921595760396	0.00144056011188049	54	-0.135858858053283	0.0762879139842105	-0.0072600284	0.0789455695009359	-0.0569132885523475	STAD
FN1_sym2pro_Fibronectin.R.V	0.00225121210186318	0.0134480301874458	54	0.187794701943701	-0.121921176878947	0.0751106418580645	-0.126726677442382	0.0610680245013194	STAD
FOXM1_sym2pro_FoxM1.R.V	0.00321787579210346	0.0169873908094764	54	0.156379831374921	0.0256718940052632	0.0887673184258065	-0.00494446770755609	0.151435363667365	STAD
MAP2K1_sym2pro_MEK1.R.V	0.000170023520699663	0.00183787329518208	54	0.132365919462453	-0.0769365424789474	0.0277072005806452	-0.0861745692132165	0.0461913502492362	STAD
MYH11_sym2pro_MYH11.R.V	8.3007972089189e-06	0.000181408519442203	54	-1.34308367432033	0.507828406689474	-0.416099739993548	0.625813608218658	-0.71727006610167	STAD
MYH9_sym2pro_Myosin.IIa_pS1943.R.V	0.00134040735455156	0.00950851467135015	54	0.32387764325909	-0.307018311405263	0.0896994880064515	-0.259462927606574	0.0644147156525155	STAD
SERPINE1_sym2pro_PAI.1.M.E	0.000409121026882675	0.00357194127316797	54	0.353124056048373	-0.1151779539	0.247254850335484	-0.0973050568378577	0.255818999210515	STAD
PCNA_sym2pro_PCNA.M.C	0.00478473635810025	0.0231092585806119	54	0.155857780375604	-0.0425281169631579	0.102599771122581	-0.0212881124243618	0.134569667951242	STAD
PDPK1_sym2pro_PDK1.R.V	0.00876722084692299	0.0383378857552066	54	0.114063034921109	-0.00750603587894739	0.0601782652516129	0.00635258206359264	0.120415616984702	STAD
PDPK1_sym2pro_PDK1_pS241.R.V	0.00405206585631461	0.0204404210974093	54	0.0844188105153648	-0.0365307622789474	-0.00192281041290323	-0.0250730609411429	0.0593457495742219	STAD
PRKCA_sym2pro_PKC.alpha.M.V	0.00197480969178993	0.0130442709638771	54	-0.181981268589482	0.112794939068421	-0.0908690223225807	0.080892691242319	-0.101088577347163	STAD
PRKCD_sym2pro_PKC.delta_pS664.R.V	0.00108113987218472	0.007916733902772	54	-0.0787916598161067	0.0697927684578947	-0.0263365845548387	0.0521925906011777	-0.0265990692149291	STAD
PRKCB_sym2pro_PKC.pan_BetaII_pS660.R.V	0.00270447333071583	0.0157414216941665	54	-0.189849130042836	0.0703262110789473	-0.119896461574194	0.0585429643334678	-0.131306165709368	STAD
PGR_sym2pro_PR.R.V	0.00201123120588414	0.0130442709638771	54	-0.0866323528989485	0.0162892891105263	-0.0399797397483871	0.0196790724898044	-0.0669532804091441	STAD
PREX1_sym2pro_PREX1.R.E	0.00222017446452098	0.0134480301874458	54	0.133030190258018	-0.0635600228578947	0.0934274784064516	-0.0107931004104306	0.122237089847588	STAD
RICTOR_sym2pro_Rictor.R.C	5.62362187479346e-06	0.00014184024061979	54	-0.929015710242149	0.644521697478947	-0.0252357079096774	0.741969898864704	-0.187045811377446	STAD
SMAD1_sym2pro_Smad1.R.V	4.1280595686264e-06	0.000133867074582599	54	0.131600072295223	-0.0661598496157895	0.0209490165741935	-0.0779162070826321	0.0536838652125904	STAD
SRC..LYN..FYN..LCK..YES1..HCK_sym2pro_Src_pY416.R.C	0.000187793144073646	0.00187741281036025	54	0.238006258707918	-0.113959000521053	0.140406274593548	-0.0678847341418153	0.170121524566103	STAD
TFRC_sym2pro_TFRC.R.V	5.21966159155542e-05	0.000789908787522054	54	0.501598266425049	-0.270946807521053	0.131308781096774	-0.291681166795907	0.209917099629143	STAD
TSC1_sym2pro_TSC1.R.C	0.0031499425119947	0.0169873908094764	54	-0.122793953387217	0.029424538668421	-0.0808340228903226	0.026304404170257	-0.0964895492169604	STAD
KDR_sym2pro_VEGFR2.R.V	0.00278054259394989	0.0157795792206656	54	-0.18371745099572	0.0738884715842105	-0.0582334648580645	0.0860446777434227	-0.0976727732522968	STAD
YAP1_sym2pro_YAP_pS127.R.E	0.000915336575535801	0.00692604675488756	54	-0.222109790304862	0.104891822331579	-0.0369541146193548	0.119786719852143	-0.10232307045272	STAD
CTNNA1_sym2pro_alpha.Catenin.M.V	0.0017535244552382	0.0120621227678507	54	0.140948111114444	-0.0695081592578947	-0.0137759282645161	-0.0841201124207184	0.056827998693726	STAD
KIT_sym2pro_c.Kit.R.V	1.09934784712702e-06	4.99103922595667e-05	54	-0.296549802872563	0.180157738552632	0.0242416202645161	0.241144235691789	-0.0554055671807742	STAD
BIRC2_sym2pro_cIAP.R.V	0.000237390571036423	0.00224531915105283	54	0.0984079937652059	-0.0288548143	0.0512894648967742	-0.0182348350091301	0.0801731587560757	STAD
EEF2_sym2pro_eEF2.R.C	0.0104730879056574	0.0448564331053628	54	0.152727615587376	0.0264135101421053	0.109699673064516	0.0256966391542972	0.178424254741674	STAD
EIF4E_sym2pro_eIF4E.R.V	3.72024275611889e-07	3.93938229971323e-05	54	0.179586084569214	-0.0347734555315789	0.0804778503806452	-0.066519369768254	0.11306671480096	STAD
MTOR_sym2pro_mTOR_pS2448.R.C	5.20623211415846e-07	3.93938229971323e-05	54	-0.159786451940317	0.0630643362894737	-0.0554679933677419	0.0862807756175169	-0.0735056763227998	STAD
RPS6KB1_sym2pro_p70S6K_pT389.R.V	1.32992137213118e-05	0.000251576792894814	54	-0.178101616178938	0.0913156153	-0.0350517467741936	0.124318334002624	-0.0537832821763142	STAD
RPS6KA1_sym2pro_p90RSK.R.C	0.00035373201570874	0.00321188670263536	54	0.163075885536326	-0.0449461199210526	0.0624974890516129	-0.0633097169505596	0.0997661685857665	STAD
YWHAZ_sym2pro_14.3.3_zeta.R.V	0.000131294973911109	0.0252057677464087	11	-0.132729137988457	0.0842897886508621	-0.0193797446944444	0.107281314187183	-0.0254478238012737	TGCT
MS4A1_sym2pro_CD20.R.C	0.00202322949862979	0.0441064030701294	11	-0.103101023836261	0.0933597260991379	-0.0492063008944444	0.0706033198007545	-0.0324977040355063	TGCT
ERCC1_sym2pro_ERCC1.M.V	0.000785553785307786	0.0404633997829565	11	-0.0765201290981951	0.0377281285818966	-0.0212547433833333	0.0588771152952395	-0.0176430138029556	TGCT
IGFBP2_sym2pro_IGFBP2.R.V	0.00169911025360733	0.0441064030701294	11	0.314588258848597	-0.0840435809353448	0.176883398627778	-0.116155622848039	0.198432636000558	TGCT
PDPK1_sym2pro_PDK1.R.V	0.00192827359070719	0.0441064030701294	11	0.0823722428969202	-0.00760750659051726	0.08575042445	0.00147871790769109	0.0838509608046113	TGCT
PDPK1_sym2pro_PDK1_pS241.R.V	0.00240910077790916	0.047743997234927	11	0.140943303578129	-0.0594068388663793	0.0968364180388889	-0.0532389691426401	0.0877043344354891	TGCT
PIK3CA_sym2pro_PI3K.p110.alpha.R.C	0.000928059628049462	0.0404633997829565	11	-0.0699830117507958	0.033627710012931	-0.0301977696055555	0.0403047586618629	-0.0296782530889329	TGCT
SHC1_sym2pro_Shc_pY317.R.E	0.00189707965023664	0.0441064030701294	11	-0.072237736232473	0.0109293168577586	-0.0468373631722223	0.0243898402057405	-0.0478478960267325	TGCT
SNAI1_sym2pro_Snail.M.E	0.000346868363482688	0.0252057677464087	11	-0.196220550776699	0.122880435443966	-0.0513662301611111	0.151941387639743	-0.0442791631369559	TGCT
CDKN1B_sym2pro_p27_pT198.R.V	0.000315394009325228	0.0252057677464087	11	-0.0761610457921975	0.0560686679956897	-0.0310221995277778	0.0449142408075393	-0.0312468049846582	TGCT
SQSTM1_sym2pro_p62.LCK.ligand.M.C	0.00170896359125742	0.0441064030701294	11	0.163036054945212	-0.0494180632284483	0.0403270168944444	-0.0961124536576946	0.0669236012875172	TGCT
YWHAB_sym2pro_14.3.3_beta.R.V	0.000176228166804584	0.00458193233691918	49	0.107068396991505	0.00414431860520832	0.120074750581081	0.0126860452853466	0.119754442276851	THCA
YWHAZ_sym2pro_14.3.3_zeta.R.V	0.00605298541686442	0.0393444052096188	49	-0.102131501917921	0.0166133199822918	-0.101897338918919	0.00266076283665985	-0.099470739081261	THCA
EIF4EBP1_sym2pro_4E.BP1.R.V	0.00602444947500118	0.0393444052096188	49	0.117287835412825	0.0625983237760417	0.176225848283784	0.0605691402910149	0.17785697570384	THCA
EIF4EBP1_sym2pro_4E.BP1_pT37_T46.R.V	7.55378421544925e-06	0.000720842808327793	49	-0.241722225974344	0.116398231105208	-0.148598320581081	0.0947553014111022	-0.146966924563241	THCA
ACVRL1_sym2pro_ACVRL1.R.C	0.000131131647611074	0.00378824759765324	49	0.146550734588752	0.0507630160552083	0.19229052959009	0.047266602718579	0.193817337307331	THCA
NA_sym2pro_ATM.R.C	0.00297904776327799	0.0270890383662264	49	-0.238859443650505	0.0929358159140001	-0.180501606133721	0.0328636483352596	-0.136324795588371	THCA
ANXA1_sym2pro_Annexin.1.M.E	0.00322636775452945	0.0279618538725886	49	-0.370685465233461	-0.151437217853125	-0.651643584572072	-0.273417012433307	-0.644102477666769	THCA
ANXA7_sym2pro_Annexin_VII.M.V	0.00407484554476461	0.0331081200512124	49	0.0821749976617368	0.00970612648229167	0.0925538466036036	0.012345798304698	0.0945207959664348	THCA
BRCA2_sym2pro_BRCA2.R.C	0.00188413313958628	0.0197290745992845	49	0.252727251436891	-0.0173143625677083	0.279238376603604	0.0202406210583546	0.272967872495246	THCA
BAX_sym2pro_Bax.R.V	0.0010539861252717	0.0161197877982731	49	-0.128310536741079	0.0423244164239583	-0.113252791297297	0.017115944435706	-0.111194592305373	THCA
NA_sym2pro_Chk1.R.E	0.000222840887587147	0.00526714825205984	49	0.123133396063927	-0.0031030092862069	0.115315691369318	-0.00504910145454951	0.0456994444711441	THCA
NA_sym2pro_Chk2_pT68.R.C	0.00675622955858298	0.0402878174086416	49	0.105396724962711	0.031414879498	0.133405975343023	0.0151378793344674	0.103825735019754	THCA
CLDN7_sym2pro_Claudin.7.R.V	0.00577131804853256	0.0393444052096188	49	0.510280786147512	0.025230719196875	0.651762180711712	0.131468455769712	0.641749241917225	THCA
ERCC1_sym2pro_ERCC1.M.V	0.00302146966392526	0.0270890383662264	49	0.142336510989146	-0.067766426334375	0.111974917171171	-0.035125584227746	0.1072109267614	THCA
FOXO3_sym2pro_FOXO3a.R.C	1.17884175957838e-06	0.000306498857490378	49	0.14341951815829	0.0136492285989583	0.15159067209009	0.0088081745314055	0.152227692689696	THCA
NA_sym2pro_Fibronectin.R.C	0.00811183064806726	0.0448739567765423	49	-1.03176963145011	0.543124656526	-0.714830900866279	0.176440857227354	-0.538052617830212	THCA
GSK3A..GSK3B_sym2pro_GSK3.alpha.beta.M.V	0.00097768894811729	0.015887445406906	49	-0.0920473379853382	0.000673810973958323	-0.102741910211712	-0.00877831743034922	-0.100825655415687	THCA
GSK3A..GSK3B_sym2pro_GSK3_pS9.R.V	0.000369363328684488	0.00800287212149724	49	-0.172874474212487	0.029170479321875	-0.150420930626126	0.0228111889252143	-0.150063285287273	THCA
ERBB3_sym2pro_HER3_pY1289.R.C	0.0053367066507254	0.0393444052096188	49	0.0610959488875457	-0.0102832363260417	0.0541140707117117	-0.0080753979160753	0.0530205509714704	THCA
NRG1_sym2pro_Heregulin.R.V	1.10898893588891e-05	0.000720842808327793	49	0.231221586208158	-0.0477855015739583	0.212770617288288	-0.020357206313969	0.210864379894189	THCA
NA_sym2pro_INPP4B.G.C	0.00556287388781115	0.0393444052096188	49	0.174300255928002	-0.066371967614	0.117397192680233	-0.0292816579570076	0.0916687023241612	THCA
NA_sym2pro_INPP4B.G.E	0.00288400521251293	0.0270890383662264	49	0.14295297803816	0.0357203017793103	0.175446166755682	0.0193013441523398	0.0696300833406544	THCA
STK11_sym2pro_LKB1.M.E	0.00137223205589161	0.0178390167265909	49	0.18361687401093	-0.0588246621206897	0.130092605664773	-0.0329058884734327	0.0514316641360964	THCA
MAP2K1_sym2pro_MEK1.R.V	4.1453372536478e-05	0.00153969669421204	49	0.185677170446351	-0.040580094890625	0.14070671572973	-0.044205341850013	0.141471828596338	THCA
NA_sym2pro_MSH2.M.C	0.00659275169147359	0.0402878174086416	49	-0.188855063965587	0.048684398654	-0.164625448552326	0.0148166393066016	-0.124240211099609	THCA
MSH2_sym2pro_MSH2.M.V	8.68117712740695e-06	0.000720842808327793	49	-0.223844182159261	0.0272380584931035	-0.199117390857955	0.0153583743858174	-0.0790065317216506	THCA
MSH6_sym2pro_MSH6.R.C	0.00189702640377736	0.0197290745992845	49	-0.0780661790829054	0.041967591003125	-0.0405293243603604	0.0369256139840443	-0.0411405650988611	THCA
NRAS_sym2pro_N.Ras.M.V	0.00466489902044734	0.0356727572151855	49	0.0836897474287738	0.0519358097135417	0.146963489905405	0.0633020255196102	0.146991772948384	THCA
NOTCH1_sym2pro_Notch1.R.V	0.00401573851823411	0.0331081200512124	49	0.0599078862534267	-0.00458484038020833	0.0562198247162162	-0.00258901019383769	0.057318876059589	THCA
PARP1_sym2pro_PARP_cleaved.M.E	0.0020447509459731	0.020447509459731	49	0.109788734475905	0.0381455099802083	0.147698566441441	0.0380922465097515	0.147880980985657	THCA
PDCD4_sym2pro_PDCD4.R.C	0.00041823258503961	0.00836465170079219	49	-0.362543335328707	0.0533853808114583	-0.296104775617117	0.0645287852689781	-0.298014550059728	THCA
PRKCA_sym2pro_PKC.alpha.M.V	0.00133208837213436	0.0178390167265909	49	0.121882450823693	-0.024253259378125	0.104441565941441	-0.0164764592787129	0.10540599154498	THCA
PRKCB_sym2pro_PKC.pan_BetaII_pS660.R.V	0.000762290019218367	0.0141568146426268	49	-0.222237268326604	0.0563508475614583	-0.177088289202703	0.0446875374541894	-0.177549730872414	THCA
RBM15_sym2pro_RBM15.R.V	3.30762649659613e-05	0.00143330481519166	49	-0.207531525236057	0.026044639521875	-0.186622705878378	0.0216431992420394	-0.185888325994017	THCA
RB1_sym2pro_Rb_pS807_S811.R.V	5.3600518483753e-05	0.00174201685072197	49	-0.194789316427624	0.0723488753822917	-0.162701081689189	0.0341972879997713	-0.160592028427853	THCA
NA_sym2pro_S6.R.C	0.000861353922432753	0.0149301346555011	49	-0.169567893849684	0.036011426558	-0.140835872563953	0.0164550786526361	-0.10690810838606	THCA
SNAI1_sym2pro_Snail.M.E	2.03584550748206e-05	0.00105863966389067	49	0.112079425938674	0.000469599357291668	0.126449594265766	0.013642279586834	0.125721705525508	THCA
SYK_sym2pro_Syk.M.V	0.00678418459368883	0.0402878174086416	49	-0.145610002126834	0.0681468362593751	-0.0835443907207205	0.0649395123453706	-0.0806704897814632	THCA
YAP1_sym2pro_YAP.R.E	0.00897174149787342	0.047605158968308	49	-0.105333248994204	0.0306577376137931	-0.0676018791306818	0.022787590461248	-0.0269281024405214	THCA
YAP1_sym2pro_YAP_pS127.R.E	0.00853366068559206	0.0462239953802903	49	-0.186546840306275	0.0226810252103448	-0.154794654176136	0.018748120508531	-0.0619238761703489	THCA
YBX1_sym2pro_YB.1_pS102.R.V	0.00178638012104967	0.0197290745992845	49	-0.10474690362564	0.0487080448489583	-0.0558800165855856	0.0504758157895993	-0.054271087836041	THCA
CTNNA1_sym2pro_alpha.Catenin.M.V	0.00589649480926151	0.0393444052096188	49	-0.147312009107042	-0.0222337687103448	-0.150466860698864	-0.00146412429039932	-0.0596163308243792	THCA
MET_sym2pro_c.Met_pY1235.R.V	0.00186989855254415	0.0197290745992845	49	0.127085124291801	-0.0189805589172414	0.109634365210227	-0.0109009977659925	0.043418199779955	THCA
MTOR_sym2pro_mTOR.R.V	0.00681793833069319	0.0402878174086416	49	-0.0955073995802601	0.021525430171875	-0.0733521372927928	0.0221388547342314	-0.0733685448460287	THCA
NA_sym2pro_p21.R.C	0.00764346957189142	0.0441622686375949	49	-0.162784066834179	0.035506879686	-0.14673506630814	0.00924487947805272	-0.112285159987091	THCA
CDKN1B_sym2pro_p27.R.V	0.00169165659356366	0.0197290745992845	49	0.0998618318152701	-0.009689227146875	0.104284071400901	0.00327847444343417	0.103140306258704	THCA
MAPK14_sym2pro_p38_MAPK.R.V	0.00799061310255113	0.0448739567765423	49	-0.159512023905431	0.0362130668413795	-0.131178485653409	0.0171536973717391	-0.0522102683511566	THCA
MAPK14_sym2pro_p38_pT180_Y182.R.V	0.00126764472164333	0.0178390167265909	49	-0.250881362074778	0.070472988271875	-0.216445651184685	0.0341379389724458	-0.216743423102333	THCA
RPS6KB1_sym2pro_p70S6K.R.V	0.00463035197489596	0.0356727572151855	49	-0.0633280814105984	0.0289793377822917	-0.0377363018918919	0.0277908291200865	-0.0355372522905119	THCA
EIF4EBP1_sym2pro_4E.BP1.R.V	0.000379052853227616	0.0309559830135886	3	0.202557514578024	-0.0403358820310219	0.161903401159884	-0.0379077990397018	0.164649715538322	UCEC
ASNS_sym2pro_ASNS.R.V	7.45644096305638e-05	0.0108233014030202	3	0.330598891740511	-0.0675885975565693	0.23050601556686	-0.0989468599344609	0.23165203180605	UCEC
SRC..LYN..FYN..LCK..YES1..HCK_sym2pro_Src_pY416.R.C	8.83534808409815e-05	0.0108233014030202	3	0.195022835973659	-0.0601804407791971	0.128460607229651	-0.0679744764361827	0.127048359537476	UCEC
